Start time
0.395632 
1.585066 
1.942259 
8.041957 
11.228381 
11.922445 
13.470267 
13.515388 
14.004660 
15.069535 
15.389771 
17.892469 
21.099918 
22.237204 
23.849653 
23.860212 
24.471890 
26.966535 
27.190818 
29.446864 
29.640336 
30.153735 
31.685021 
34.220539 
34.377103 
36.044355 
39.955769 
40.426288 
41.071855 
42.238870 
49.084585 
50.264277 
50.572875 
52.148923 
52.806456 
58.410500 
59.383880 
61.012838 
62.931021 
65.930971 
66.177562 
68.258580 
68.633997 
70.514991 
70.924665 
73.433670 
74.999450 
75.495897 
78.004379 
78.181315 
78.620345 
78.621089 
79.082048 
83.211194 
83.888742 
85.881865 
88.458388 
90.919004 
91.122388 
91.986044 
92.613506 
93.357067 
94.419528 
95.487485 
107.657614 
108.212400 
110.476978 
110.854823 
110.890497 
112.154928 
112.502758 
114.224295 
115.070800 
116.206842 
117.126684 
118.429440 
118.980690 
119.914479 
120.232006 
120.860762 
122.489902 
124.711746 
127.325111 
127.602495 
128.633407 
128.953426 
130.091486 
131.938609 
132.351035 
132.790369 
135.059041 
135.088491 
135.286920 
135.809980 
137.968625 
138.366186 
138.987500 
139.910791 
141.500701 
143.417371 
143.435866 
143.915225 
145.891162 
146.205901 
147.202541 
150.936270 
153.546691 
155.651471 
159.887018 
161.128507 
165.268278 
169.288860 
169.355141 
169.887526 
170.316863 
170.317888 
170.625661 
172.760874 
173.765262 
174.049284 
178.760622 
180.457221 
181.628029 
182.266693 
186.292697 
190.790418 
192.311770 
197.056898 
198.179954 
202.582894 
205.009821 
205.686389 
206.453171 
207.859223 
208.781395 
209.913804 
210.079710 
210.276110 
211.293174 
211.418848 
215.297219 
216.488113 
217.581686 
218.238776 
220.183718 
221.998723 
222.251252 
222.339316 
223.253324 
224.672273 
224.701777 
228.058116 
233.084492 
236.747508 
237.297204 
240.144547 
242.898648 
244.506625 
244.998224 
247.066329 
249.248025 
250.662598 
251.186908 
254.013741 
254.195456 
254.280006 
254.445132 
254.445344 
254.551629 
258.782001 
260.866638 
263.675442 
263.917172 
264.129614 
266.018490 
267.263098 
267.272402 
268.337046 
270.741425 
271.253874 
272.374250 
275.889227 
277.293844 
280.146946 
280.733884 
281.895567 
282.012023 
282.173783 
282.647201 
283.611583 
283.861683 
284.420828 
285.258150 
285.474109 
286.374525 
287.169185 
288.425062 
291.939441 
292.291025 
294.107211 
294.358398 
294.596234 
296.055560 
297.927118 
298.171243 
298.335649 
298.514955 
298.540908 
298.833355 
300.168471 
300.246051 
300.400507 
308.397118 
310.423595 
311.578702 
311.984024 
313.841555 
316.359164 
316.501954 
316.795660 
318.502577 
318.693398 
322.971083 
324.471671 
329.372600 
329.693957 
334.084886 
334.563717 
336.208472 
337.612254 
338.931697 
339.183382 
339.639952 
340.660660 
341.551517 
341.645781 
346.496443 
347.113452 
348.205038 
349.864304 
351.062075 
353.169336 
353.624057 
354.324349 
354.814589 
355.729899 
356.423948 
356.470673 
356.470880 
356.905630 
359.480582 
360.202987 
363.460962 
364.495160 
365.065308 
368.015238 
368.477219 
368.588611 
373.388424 
380.800096 
381.409909 
385.034231 
385.360596 
386.050543 
388.804305 
389.199431 
389.357732 
394.556428 
395.217371 
396.002039 
396.727127 
397.306275 
397.536120 
398.370721 
399.407342 
399.409474 
399.552382 
401.569713 
402.048320 
402.875953 
409.425825 
413.218319 
416.782566 
418.688664 
420.411932 
420.778520 
420.921875 
421.809512 
422.144456 
423.650337 
431.738529 
433.565935 
435.443291 
437.572784 
438.557974 
438.911668 
440.402423 
440.465988 
442.222370 
442.299591 
442.663811 
444.956886 
445.499059 
447.405568 
448.085306 
449.262647 
451.538769 
455.645886 
456.615167 
459.430841 
460.863229 
462.677403 
465.168313 
466.585468 
472.241184 
472.898383 
474.972507 
475.236594 
476.497915 
477.189115 
477.737912 
478.007983 
478.474591 
478.637871 
479.704766 
480.040919 
481.168253 
481.220415 
484.823211 
485.242994 
491.527980 
493.296187 
495.025766 
498.315167 
498.620087 
500.338883 
502.617541 
503.015764 
504.892645 
507.091794 
507.877406 
509.826763 
512.621383 
514.255328 
515.264559 
516.403480 
518.455978 
518.707916 
519.003889 
523.680132 
524.171402 
524.440217 
525.649580 
526.152373 
526.392647 
526.482651 
527.812938 
528.143673 
529.733179 
529.992357 
534.116302 
534.682354 
538.883658 
539.487051 
542.219858 
543.062845 
547.111303 
548.964838 
550.369932 
551.316804 
554.266585 
554.441178 
554.517077 
556.981592 
557.725746 
557.880620 
558.748103 
560.446480 
560.477519 
560.553635 
562.492710 
563.861396 
564.460500 
566.558312 
567.037186 
568.054823 
570.181403 
572.960883 
572.968781 
574.834501 
576.470964 
577.331277 
577.533292 
578.660851 
578.672840 
582.979434 
583.242226 
584.780308 
585.394232 
585.421910 
587.298054 
594.977506 
596.723246 
597.377239 
